Result for strategy DRYING_E0V1E_DCA
============================================================= BACKTESTING REPORT ============================================================
|        Pair |   Entries |   Avg Profit % |   Cum Profit % |   Tot Profit USDT |   Tot Profit % |   Avg Duration |   Win  Draw  Loss  Win% |
|-------------+-----------+----------------+----------------+-------------------+----------------+----------------+-------------------------|
|    CKB/USDT |        38 |           1.82 |          69.22 |            52.893 |           5.29 |        0:30:00 |    36     0     2  94.7 |
|    LTO/USDT |        45 |           1.79 |          80.50 |            40.645 |           4.06 |        0:30:00 |    37     0     8  82.2 |
|    STX/USDT |        45 |           1.04 |          46.88 |            35.695 |           3.57 |        0:46:00 |    40     0     5  88.9 |
|    PNT/USDT |        48 |           0.99 |          47.51 |            34.388 |           3.44 |        0:45:00 |    44     0     4  91.7 |
|    TKO/USDT |        54 |           0.94 |          50.54 |            34.364 |           3.44 |        0:49:00 |    49     0     5  90.7 |
|    TWT/USDT |        37 |           1.49 |          55.20 |            34.230 |           3.42 |        0:24:00 |    33     0     4  89.2 |
|   MASK/USDT |        70 |           0.80 |          55.76 |            33.213 |           3.32 |        0:41:00 |    60     0    10  85.7 |
|   PERL/USDT |        82 |           0.55 |          45.00 |            32.410 |           3.24 |        0:55:00 |    68     0    14  82.9 |
|   CTSI/USDT |        24 |           1.21 |          29.11 |            20.926 |           2.09 |        0:49:00 |    23     0     1  95.8 |
|   LUNA/USDT |        56 |           0.93 |          51.95 |            18.685 |           1.87 |        0:33:00 |    52     0     4  92.9 |
|   WING/USDT |        26 |           0.94 |          24.35 |            18.278 |           1.83 |        2:01:00 |    22     0     4  84.6 |
|     SC/USDT |        27 |           0.92 |          24.78 |            18.160 |           1.82 |        1:06:00 |    24     0     3  88.9 |
|   DOCK/USDT |        18 |           1.31 |          23.55 |            16.128 |           1.61 |        1:51:00 |    17     0     1  94.4 |
|   PERP/USDT |        53 |           0.43 |          22.82 |            15.416 |           1.54 |        0:51:00 |    42     0    11  79.2 |
|  SUPER/USDT |        19 |           0.97 |          18.49 |            15.397 |           1.54 |        1:55:00 |    15     0     4  78.9 |
|    ZEC/USDT |         7 |           3.27 |          22.90 |            15.396 |           1.54 |        2:19:00 |     6     0     1  85.7 |
|   ANKR/USDT |        17 |           1.14 |          19.44 |            14.746 |           1.47 |        0:36:00 |    14     0     3  82.4 |
|    XVS/USDT |        13 |           1.31 |          16.98 |            14.301 |           1.43 |        0:35:00 |    12     0     1  92.3 |
|    RLC/USDT |        24 |           0.90 |          21.48 |            13.979 |           1.40 |        0:34:00 |    24     0     0   100 |
|    SXP/USDT |        13 |           1.36 |          17.71 |            13.646 |           1.36 |        0:29:00 |    12     0     1  92.3 |
|   POND/USDT |        15 |           1.41 |          21.09 |            12.850 |           1.29 |        0:52:00 |    14     0     1  93.3 |
|  AUDIO/USDT |        30 |           0.58 |          17.40 |            12.265 |           1.23 |        0:45:00 |    26     0     4  86.7 |
|    MBL/USDT |        15 |           1.23 |          18.44 |            11.902 |           1.19 |        1:03:00 |    12     0     3  80.0 |
| BURGER/USDT |        37 |           0.63 |          23.26 |            11.599 |           1.16 |        0:58:00 |    29     0     8  78.4 |
|   DATA/USDT |        22 |           0.64 |          14.07 |             9.770 |           0.98 |        0:42:00 |    19     0     3  86.4 |
|    RVN/USDT |        23 |           0.62 |          14.32 |             9.210 |           0.92 |        0:41:00 |    19     0     4  82.6 |
|    WRX/USDT |        10 |           1.59 |          15.93 |             8.919 |           0.89 |        0:58:00 |     9     0     1  90.0 |
|   DOGE/USDT |        30 |           0.49 |          14.70 |             8.626 |           0.86 |        0:39:00 |    28     0     2  93.3 |
|   DEGO/USDT |        32 |           0.57 |          18.16 |             8.349 |           0.83 |        1:18:00 |    26     0     6  81.2 |
|   POLS/USDT |         9 |           1.13 |          10.15 |             7.702 |           0.77 |        0:28:00 |     8     0     1  88.9 |
|  TFUEL/USDT |         9 |           1.24 |          11.18 |             7.694 |           0.77 |        0:31:00 |     9     0     0   100 |
|   DODO/USDT |        35 |           0.32 |          11.12 |             7.671 |           0.77 |        0:51:00 |    28     0     7  80.0 |
|    SLP/USDT |        13 |           0.78 |          10.13 |             7.618 |           0.76 |        0:20:00 |    12     0     1  92.3 |
|    NMR/USDT |        22 |           0.46 |          10.16 |             7.167 |           0.72 |        1:19:00 |    20     0     2  90.9 |
|    YFI/USDT |         8 |           1.42 |          11.38 |             6.965 |           0.70 |        1:02:00 |     6     0     2  75.0 |
|  SUSHI/USDT |        14 |           0.83 |          11.56 |             6.871 |           0.69 |        1:23:00 |    11     0     3  78.6 |
|    OMG/USDT |         9 |           0.92 |           8.30 |             6.726 |           0.67 |        0:36:00 |     9     0     0   100 |
|    CHZ/USDT |        16 |           1.03 |          16.54 |             6.467 |           0.65 |        1:33:00 |    14     0     2  87.5 |
|    SOL/USDT |        23 |           1.00 |          23.11 |             6.233 |           0.62 |        0:42:00 |    20     0     3  87.0 |
|    XLM/USDT |         4 |           2.33 |           9.32 |             6.000 |           0.60 |        0:16:00 |     4     0     0   100 |
|     AR/USDT |        19 |           0.53 |          10.05 |             5.873 |           0.59 |        0:38:00 |    16     0     3  84.2 |
|   STPT/USDT |        25 |           0.34 |           8.62 |             5.869 |           0.59 |        1:43:00 |    21     0     4  84.0 |
|    ZEN/USDT |         5 |           1.53 |           7.66 |             5.786 |           0.58 |        0:22:00 |     5     0     0   100 |
|    OXT/USDT |        11 |           0.80 |           8.85 |             5.440 |           0.54 |        0:44:00 |    10     0     1  90.9 |
|    GRT/USDT |        12 |           0.45 |           5.38 |             5.237 |           0.52 |        0:31:00 |    10     0     2  83.3 |
|    SKL/USDT |        11 |           0.61 |           6.76 |             4.996 |           0.50 |        0:24:00 |    10     0     1  90.9 |
|   ROSE/USDT |         5 |           1.27 |           6.37 |             4.632 |           0.46 |        0:20:00 |     5     0     0   100 |
|    KSM/USDT |         6 |           1.24 |           7.42 |             4.247 |           0.42 |        1:02:00 |     5     0     1  83.3 |
|    LRC/USDT |        16 |           0.53 |           8.41 |             4.245 |           0.42 |        0:49:00 |    14     0     2  87.5 |
|    SNX/USDT |         8 |           0.53 |           4.25 |             3.438 |           0.34 |        0:19:00 |     7     0     1  87.5 |
|   ATOM/USDT |         3 |           1.43 |           4.30 |             3.399 |           0.34 |        1:48:00 |     3     0     0   100 |
|  STRAX/USDT |        20 |           0.18 |           3.56 |             3.374 |           0.34 |        4:28:00 |    16     0     4  80.0 |
|    ONG/USDT |         5 |           0.81 |           4.06 |             3.251 |           0.33 |        0:06:00 |     4     0     1  80.0 |
|   HARD/USDT |        13 |           0.56 |           7.29 |             3.164 |           0.32 |        0:43:00 |    10     0     3  76.9 |
|    XEM/USDT |         6 |           0.75 |           4.48 |             3.112 |           0.31 |        0:54:00 |     5     0     1  83.3 |
|    WIN/USDT |         5 |           0.50 |           2.50 |             3.086 |           0.31 |        2:08:00 |     4     0     1  80.0 |
|   CELO/USDT |         7 |           0.65 |           4.52 |             3.059 |           0.31 |        0:26:00 |     7     0     0   100 |
|  WAVES/USDT |        13 |           0.33 |           4.32 |             2.994 |           0.30 |        0:55:00 |    11     0     2  84.6 |
|   KAVA/USDT |         3 |           1.40 |           4.19 |             2.982 |           0.30 |        0:18:00 |     3     0     0   100 |
|   AAVE/USDT |         3 |           1.41 |           4.22 |             2.854 |           0.29 |        0:18:00 |     2     0     1  66.7 |
|    VET/USDT |         4 |           0.90 |           3.60 |             2.681 |           0.27 |        0:16:00 |     4     0     0   100 |
|  ALPHA/USDT |        14 |           0.36 |           5.07 |             2.633 |           0.26 |        0:50:00 |    11     0     3  78.6 |
|   REEF/USDT |        11 |           0.44 |           4.87 |             2.212 |           0.22 |        0:45:00 |     9     0     2  81.8 |
|   BAKE/USDT |         9 |           0.32 |           2.86 |             2.076 |           0.21 |        2:31:00 |     8     0     1  88.9 |
|    ETC/USDT |         4 |           0.87 |           3.48 |             1.799 |           0.18 |        1:41:00 |     3     0     1  75.0 |
|    FTM/USDT |        12 |           0.11 |           1.34 |             1.781 |           0.18 |        1:35:00 |    10     0     2  83.3 |
|    TLM/USDT |        12 |           0.21 |           2.54 |             1.708 |           0.17 |        0:39:00 |    10     0     2  83.3 |
|    QNT/USDT |        14 |           0.25 |           3.53 |             1.687 |           0.17 |        0:34:00 |    10     0     4  71.4 |
|   MANA/USDT |         2 |           1.15 |           2.30 |             1.565 |           0.16 |        0:22:00 |     2     0     0   100 |
|    HOT/USDT |         2 |           1.04 |           2.09 |             1.493 |           0.15 |        0:10:00 |     2     0     0   100 |
|    ONT/USDT |         1 |           1.52 |           1.52 |             1.291 |           0.13 |        0:30:00 |     1     0     0   100 |
|    ONE/USDT |         6 |           0.26 |           1.55 |             1.251 |           0.13 |        2:28:00 |     5     0     1  83.3 |
|    UNI/USDT |         3 |           0.67 |           2.02 |             1.153 |           0.12 |        0:23:00 |     3     0     0   100 |
|    AVA/USDT |         2 |           0.92 |           1.84 |             1.053 |           0.11 |        6:25:00 |     2     0     0   100 |
|    AXS/USDT |         8 |           0.11 |           0.91 |             0.861 |           0.09 |        0:48:00 |     6     0     2  75.0 |
|    DGB/USDT |         5 |           0.26 |           1.32 |             0.816 |           0.08 |        2:10:00 |     4     0     1  80.0 |
|   COMP/USDT |         4 |          -0.10 |          -0.40 |             0.731 |           0.07 |        1:06:00 |     3     0     1  75.0 |
|  ALICE/USDT |         1 |           0.90 |           0.90 |             0.610 |           0.06 |        0:25:00 |     1     0     0   100 |
|   CELR/USDT |        12 |          -0.10 |          -1.16 |             0.541 |           0.05 |        1:00:00 |    10     0     2  83.3 |
|    ENJ/USDT |         1 |           0.61 |           0.61 |             0.517 |           0.05 |        0:40:00 |     1     0     0   100 |
|    ADA/USDT |         1 |           0.55 |           0.55 |             0.466 |           0.05 |        1:10:00 |     1     0     0   100 |
|   AVAX/USDT |         2 |           0.34 |           0.69 |             0.455 |           0.05 |        0:15:00 |     2     0     0   100 |
|  THETA/USDT |         1 |           0.76 |           0.76 |             0.437 |           0.04 |        0:10:00 |     1     0     0   100 |
|    EOS/USDT |         1 |           0.74 |           0.74 |             0.395 |           0.04 |        0:25:00 |     1     0     0   100 |
|    NEO/USDT |         1 |           0.51 |           0.51 |             0.376 |           0.04 |        0:20:00 |     1     0     0   100 |
|    TRX/USDT |         1 |           0.55 |           0.55 |             0.337 |           0.03 |        0:20:00 |     1     0     0   100 |
|    LTC/USDT |         1 |           0.57 |           0.57 |             0.333 |           0.03 |        0:25:00 |     1     0     0   100 |
|    CHR/USDT |         2 |           0.20 |           0.40 |             0.296 |           0.03 |        0:55:00 |     2     0     0   100 |
|   RUNE/USDT |         1 |           0.46 |           0.46 |             0.272 |           0.03 |        0:10:00 |     1     0     0   100 |
|   QTUM/USDT |         1 |           0.16 |           0.16 |             0.134 |           0.01 |        0:10:00 |     1     0     0   100 |
|    DOT/USDT |         1 |           0.18 |           0.18 |             0.121 |           0.01 |       23:55:00 |     1     0     0   100 |
|    CVC/USDT |         1 |           0.03 |           0.03 |             0.026 |           0.00 |        1:25:00 |     1     0     0   100 |
|    XMR/USDT |         1 |           0.03 |           0.03 |             0.020 |           0.00 |        0:50:00 |     1     0     0   100 |
|    BAT/USDT |         0 |           0.00 |           0.00 |             0.000 |           0.00 |           0:00 |     0     0     0     0 |
|    BTC/USDT |         0 |           0.00 |           0.00 |             0.000 |           0.00 |           0:00 |     0     0     0     0 |
|   IOTA/USDT |         0 |           0.00 |           0.00 |             0.000 |           0.00 |           0:00 |     0     0     0     0 |
|    ETH/USDT |         0 |           0.00 |           0.00 |             0.000 |           0.00 |           0:00 |     0     0     0     0 |
|    XTZ/USDT |         0 |           0.00 |           0.00 |             0.000 |           0.00 |           0:00 |     0     0     0     0 |
|    BCH/USDT |         0 |           0.00 |           0.00 |             0.000 |           0.00 |           0:00 |     0     0     0     0 |
|   CAKE/USDT |         1 |          -0.07 |          -0.07 |            -0.041 |          -0.00 |        1:45:00 |     0     0     1     0 |
|   DASH/USDT |         1 |          -0.06 |          -0.06 |            -0.049 |          -0.00 |        0:35:00 |     0     0     1     0 |
|    MKR/USDT |         3 |          -0.45 |          -1.34 |            -0.395 |          -0.04 |        1:05:00 |     2     0     1  66.7 |
|   HBAR/USDT |         3 |          -1.02 |          -3.07 |            -1.070 |          -0.11 |        4:52:00 |     2     0     1  66.7 |
|    ICX/USDT |        11 |          -0.15 |          -1.69 |            -1.241 |          -0.12 |        3:11:00 |     8     0     3  72.7 |
|    DIA/USDT |        10 |          -0.24 |          -2.35 |            -1.401 |          -0.14 |        2:24:00 |     7     0     3  70.0 |
|   IOTX/USDT |         3 |          -0.94 |          -2.81 |            -1.683 |          -0.17 |        3:40:00 |     1     0     2  33.3 |
|   SAND/USDT |         6 |          -0.63 |          -3.80 |            -1.967 |          -0.20 |        0:27:00 |     5     0     1  83.3 |
|   LINK/USDT |         7 |           0.27 |           1.91 |            -2.030 |          -0.20 |        0:26:00 |     6     0     1  85.7 |
|    MTL/USDT |        15 |           0.41 |           6.21 |            -2.721 |          -0.27 |        0:55:00 |    13     0     2  86.7 |
|   EGLD/USDT |         2 |          -1.73 |          -3.45 |            -2.866 |          -0.29 |        3:52:00 |     1     0     1  50.0 |
|    CRV/USDT |        15 |          -0.35 |          -5.19 |            -3.001 |          -0.30 |        0:50:00 |    11     0     4  73.3 |
|    XRP/USDT |        10 |          -0.64 |          -6.37 |            -3.293 |          -0.33 |        0:50:00 |     7     0     3  70.0 |
|    ZIL/USDT |         8 |          -0.79 |          -6.36 |            -3.844 |          -0.38 |        3:13:00 |     5     0     3  62.5 |
|   IOST/USDT |         2 |          -2.48 |          -4.97 |            -4.267 |          -0.43 |        5:30:00 |     1     0     1  50.0 |
|    FIL/USDT |        20 |           0.34 |           6.75 |            -4.585 |          -0.46 |        0:33:00 |    18     0     2  90.0 |
|    ZRX/USDT |         6 |          -1.14 |          -6.84 |            -4.772 |          -0.48 |        3:40:00 |     4     0     2  66.7 |
|    LPT/USDT |         8 |          -0.82 |          -6.57 |            -5.241 |          -0.52 |        3:55:00 |     6     0     2  75.0 |
|    ATM/USDT |        33 |          -0.12 |          -3.83 |            -5.726 |          -0.57 |        1:21:00 |    26     0     7  78.8 |
|   DENT/USDT |        10 |          -0.79 |          -7.88 |            -5.877 |          -0.59 |        1:08:00 |     7     0     3  70.0 |
|     OM/USDT |        14 |          -0.97 |         -13.62 |            -6.925 |          -0.69 |        0:53:00 |     7     0     7  50.0 |
|   ALGO/USDT |         4 |          -2.39 |          -9.57 |            -9.075 |          -0.91 |        1:48:00 |     1     0     3  25.0 |
|  MATIC/USDT |         8 |          -1.29 |         -10.30 |            -9.444 |          -0.94 |        0:47:00 |     5     0     3  62.5 |
|    NKN/USDT |        23 |          -0.54 |         -12.36 |            -9.700 |          -0.97 |        2:07:00 |    17     0     6  73.9 |
|   STMX/USDT |         4 |          -2.94 |         -11.77 |            -9.776 |          -0.98 |        0:54:00 |     2     0     2  50.0 |
|   HIVE/USDT |        15 |          -1.01 |         -15.09 |           -10.428 |          -1.04 |        1:49:00 |     8     0     7  53.3 |
|       TOTAL |      1672 |           0.64 |        1073.60 |           665.245 |          66.52 |        1:03:00 |  1411     0   261  84.4 |
======================================================= LEFT OPEN TRADES REPORT ========================================================
|   Pair |   Entries |   Avg Profit % |   Cum Profit % |   Tot Profit USDT |   Tot Profit % |   Avg Duration |   Win  Draw  Loss  Win% |
|--------+-----------+----------------+----------------+-------------------+----------------+----------------+-------------------------|
|  TOTAL |         0 |           0.00 |           0.00 |             0.000 |           0.00 |           0:00 |     0     0     0     0 |
============================================================ ENTER TAG STATS =============================================================
|      TAG |   Entries |   Avg Profit % |   Cum Profit % |   Tot Profit USDT |   Tot Profit % |   Avg Duration |   Win  Draw  Loss  Win% |
|----------+-----------+----------------+----------------+-------------------+----------------+----------------+-------------------------|
|    buy_1 |      1537 |           0.54 |         837.46 |           529.919 |          52.99 |        1:02:00 |  1294     0   243  84.2 |
|      ewo |       128 |           1.71 |         219.07 |           126.103 |          12.61 |        1:16:00 |   111     0    17  86.7 |
| ewobuy_1 |         7 |           2.44 |          17.07 |             9.222 |           0.92 |        0:33:00 |     6     0     1  85.7 |
|    TOTAL |      1672 |           0.64 |        1073.60 |           665.245 |          66.52 |        1:03:00 |  1411     0   261  84.4 |
========================================================= EXIT REASON STATS ==========================================================
|            Exit Reason |   Exits |   Win  Draws  Loss  Win% |   Avg Profit % |   Cum Profit % |   Tot Profit USDT |   Tot Profit % |
|------------------------+---------+--------------------------+----------------+----------------+-------------------+----------------|
|              stop_loss |    1465 |   1410     0    55  96.2 |           1.52 |        2234.01 |          1507.74  |         446.8  |
| sell_stoploss_deadfish |     201 |      0     0   201     0 |          -5.48 |       -1101.26 |          -773.72  |        -220.25 |
|      stop_loss (buy_1) |       3 |      0     0     3     0 |         -11.3  |         -33.9  |           -37.803 |          -6.78 |
|        stop_loss (ewo) |       2 |      0     0     2     0 |         -13.4  |         -26.81 |           -31.86  |          -5.36 |
|     trailing_stop_loss |       1 |      1     0     0   100 |           1.56 |           1.56 |             0.885 |           0.31 |
================== SUMMARY METRICS ==================
| Metric                      | Value               |
|-----------------------------+---------------------|
| Backtesting from            | 2022-09-01 00:00:00 |
| Backtesting to              | 2023-05-12 13:35:00 |
| Max open trades             | 5                   |
|                             |                     |
| Total/Daily Avg Trades      | 1672 / 6.61         |
| Starting balance            | 1000 USDT           |
| Final balance               | 1665.245 USDT       |
| Absolute profit             | 665.245 USDT        |
| Total profit %              | 66.52%              |
| CAGR %                      | 108.70%             |
| Sortino                     | 21.63               |
| Sharpe                      | 23.43               |
| Calmar                      | 119.85              |
| Profit factor               | 1.79                |
| Expectancy                  | 0.12                |
| Trades per day              | 6.61                |
| Avg. daily profit %         | 0.26%               |
| Avg. stake amount           | 68.837 USDT         |
| Total trade volume          | 115094.907 USDT     |
|                             |                     |
| Best Pair                   | LTO/USDT 80.50%     |
| Worst Pair                  | HIVE/USDT -15.09%   |
| Best trade                  | CKB/USDT 23.99%     |
| Worst trade                 | LUNA/USDT -14.78%   |
| Best day                    | 33.299 USDT         |
| Worst day                   | -23.706 USDT        |
| Days win/draw/lose          | 168 / 33 / 53       |
| Avg. Duration Winners       | 0:44:00             |
| Avg. Duration Loser         | 2:47:00             |
| Rejected Entry signals      | 43482               |
| Entry/Exit Timeouts         | 0 / 0               |
|                             |                     |
| Min balance                 | 985.508 USDT        |
| Max balance                 | 1672.984 USDT       |
| Max % of account underwater | 4.19%               |
| Absolute Drawdown (Account) | 4.19%               |
| Absolute Drawdown           | 48.107 USDT         |
| Drawdown high               | 147.692 USDT        |
| Drawdown low                | 99.585 USDT         |
| Drawdown Start              | 2022-11-08 03:25:00 |
| Drawdown End                | 2022-11-08 19:30:00 |
| Market change               | -21.15%             |
=====================================================

Result for strategy E0V1E_DCA
============================================================= BACKTESTING REPORT ============================================================
|        Pair |   Entries |   Avg Profit % |   Cum Profit % |   Tot Profit USDT |   Tot Profit % |   Avg Duration |   Win  Draw  Loss  Win% |
|-------------+-----------+----------------+----------------+-------------------+----------------+----------------+-------------------------|
|   PERL/USDT |        81 |           0.96 |          77.47 |           220.922 |          22.09 |        1:24:00 |    71     0    10  87.7 |
|    PNT/USDT |        47 |           1.35 |          63.23 |           207.142 |          20.71 |        0:51:00 |    46     0     1  97.9 |
|    CKB/USDT |        38 |           1.76 |          66.95 |           177.855 |          17.79 |        0:32:00 |    36     0     2  94.7 |
|    LTO/USDT |        43 |           2.20 |          94.73 |           173.592 |          17.36 |        0:47:00 |    39     0     4  90.7 |
|    STX/USDT |        44 |           1.31 |          57.77 |           171.262 |          17.13 |        0:49:00 |    41     0     3  93.2 |
|    TKO/USDT |        53 |           1.12 |          59.54 |           139.104 |          13.91 |        1:04:00 |    49     0     4  92.5 |
|    TWT/USDT |        34 |           2.00 |          68.05 |           135.106 |          13.51 |        0:26:00 |    33     0     1  97.1 |
|    XVS/USDT |        13 |           1.78 |          23.15 |           114.988 |          11.50 |        0:43:00 |    13     0     0   100 |
|   MASK/USDT |        67 |           1.02 |          68.37 |           112.632 |          11.26 |        0:49:00 |    60     0     7  89.6 |
|   PERP/USDT |        49 |           0.84 |          40.99 |            94.874 |           9.49 |        1:03:00 |    42     0     7  85.7 |
|   DATA/USDT |        22 |           1.26 |          27.73 |            86.193 |           8.62 |        0:46:00 |    21     0     1  95.5 |
|    ZEC/USDT |         8 |           3.48 |          27.87 |            72.999 |           7.30 |        4:44:00 |     6     0     2  75.0 |
|   CTSI/USDT |        24 |           1.02 |          24.49 |            69.734 |           6.97 |        0:50:00 |    23     0     1  95.8 |
|   WING/USDT |        25 |           1.06 |          26.57 |            67.452 |           6.75 |        1:59:00 |    22     0     3  88.0 |
|   DOCK/USDT |        17 |           1.29 |          21.88 |            64.938 |           6.49 |        1:57:00 |    16     0     1  94.1 |
| BURGER/USDT |        35 |           1.45 |          50.81 |            59.629 |           5.96 |        1:12:00 |    30     0     5  85.7 |
|   DEGO/USDT |        32 |           0.86 |          27.45 |            55.267 |           5.53 |        1:22:00 |    28     0     4  87.5 |
|    SOL/USDT |        23 |           1.55 |          35.69 |            54.790 |           5.48 |        0:57:00 |    21     0     2  91.3 |
|   ANKR/USDT |        17 |           1.15 |          19.47 |            54.294 |           5.43 |        1:31:00 |    14     0     3  82.4 |
|    SXP/USDT |        13 |           1.36 |          17.64 |            53.443 |           5.34 |        0:34:00 |    12     0     1  92.3 |
|    MBL/USDT |        13 |           1.85 |          24.09 |            52.450 |           5.24 |        1:17:00 |    11     0     2  84.6 |
|     SC/USDT |        25 |           0.91 |          22.73 |            48.125 |           4.81 |        1:14:00 |    22     0     3  88.0 |
|  SUPER/USDT |        17 |           0.98 |          16.63 |            48.040 |           4.80 |        2:08:00 |    13     0     4  76.5 |
|    RLC/USDT |        22 |           0.89 |          19.64 |            45.024 |           4.50 |        0:35:00 |    22     0     0   100 |
|    SKL/USDT |        11 |           1.16 |          12.81 |            44.349 |           4.43 |        0:29:00 |    11     0     0   100 |
|    SNX/USDT |         9 |           1.17 |          10.49 |            43.568 |           4.36 |        0:21:00 |     9     0     0   100 |
|   POND/USDT |        15 |           1.40 |          20.96 |            42.487 |           4.25 |        0:59:00 |    14     0     1  93.3 |
|    SLP/USDT |        12 |           1.25 |          15.03 |            41.384 |           4.14 |        0:43:00 |    12     0     0   100 |
|  WAVES/USDT |        13 |           1.25 |          16.19 |            39.682 |           3.97 |        1:45:00 |    13     0     0   100 |
|   POLS/USDT |        10 |           1.01 |          10.12 |            35.995 |           3.60 |        0:41:00 |     8     0     2  80.0 |
|    OMG/USDT |         9 |           0.92 |           8.30 |            35.972 |           3.60 |        0:36:00 |     9     0     0   100 |
|    WIN/USDT |         5 |           1.61 |           8.04 |            30.558 |           3.06 |        2:14:00 |     5     0     0   100 |
|    GRT/USDT |        12 |           0.55 |           6.57 |            29.788 |           2.98 |        0:32:00 |    10     0     2  83.3 |
|    ZEN/USDT |         6 |           1.50 |           8.99 |            29.015 |           2.90 |        0:19:00 |     6     0     0   100 |
|   STPT/USDT |        25 |           0.69 |          17.16 |            25.725 |           2.57 |        2:40:00 |    22     0     3  88.0 |
|  AUDIO/USDT |        26 |           0.48 |          12.47 |            25.690 |           2.57 |        0:53:00 |    22     0     4  84.6 |
|    WRX/USDT |        10 |           1.59 |          15.93 |            24.566 |           2.46 |        0:58:00 |     9     0     1  90.0 |
|    CHZ/USDT |        16 |           0.96 |          15.37 |            24.024 |           2.40 |        1:31:00 |    14     0     2  87.5 |
|    RVN/USDT |        23 |           0.64 |          14.83 |            23.943 |           2.39 |        0:52:00 |    18     0     5  78.3 |
|    FIL/USDT |        18 |           0.83 |          14.95 |            23.882 |           2.39 |        0:38:00 |    17     0     1  94.4 |
|    YFI/USDT |         8 |           1.42 |          11.38 |            21.586 |           2.16 |        1:02:00 |     6     0     2  75.0 |
|   KAVA/USDT |         4 |           1.87 |           7.47 |            21.454 |           2.15 |        0:16:00 |     4     0     0   100 |
|    LRC/USDT |        16 |           0.84 |          13.43 |            21.401 |           2.14 |        2:05:00 |    15     0     1  93.8 |
|     AR/USDT |        18 |           0.83 |          14.97 |            20.987 |           2.10 |        1:01:00 |    16     0     2  88.9 |
|  STRAX/USDT |        18 |           0.32 |           5.77 |            20.730 |           2.07 |        6:18:00 |    15     0     3  83.3 |
|    NMR/USDT |        21 |           0.48 |          10.16 |            19.562 |           1.96 |        1:47:00 |    19     0     2  90.5 |
|    NKN/USDT |        23 |           0.62 |          14.26 |            18.815 |           1.88 |        2:50:00 |    21     0     2  91.3 |
|    FTM/USDT |        11 |           0.68 |           7.51 |            17.248 |           1.72 |        1:41:00 |    10     0     1  90.9 |
|    ONG/USDT |         5 |           0.81 |           4.06 |            17.060 |           1.71 |        0:06:00 |     4     0     1  80.0 |
|   ATOM/USDT |         3 |           1.43 |           4.30 |            17.055 |           1.71 |        1:48:00 |     3     0     0   100 |
|    CRV/USDT |        14 |           0.54 |           7.56 |            16.169 |           1.62 |        1:00:00 |    12     0     2  85.7 |
|   COMP/USDT |         4 |           1.46 |           5.85 |            15.943 |           1.59 |        2:01:00 |     4     0     0   100 |
|  SUSHI/USDT |        13 |           0.89 |          11.60 |            15.706 |           1.57 |        1:29:00 |    10     0     3  76.9 |
|   ROSE/USDT |         3 |           1.22 |           3.67 |            14.061 |           1.41 |        0:23:00 |     3     0     0   100 |
|    MKR/USDT |         3 |           1.58 |           4.73 |            13.533 |           1.35 |        1:10:00 |     3     0     0   100 |
|    VET/USDT |         5 |           0.77 |           3.84 |            13.307 |           1.33 |        0:22:00 |     5     0     0   100 |
|    KSM/USDT |         5 |           1.48 |           7.41 |            11.915 |           1.19 |        0:41:00 |     4     0     1  80.0 |
|    XLM/USDT |         2 |           1.35 |           2.70 |            11.766 |           1.18 |        0:12:00 |     2     0     0   100 |
|    DGB/USDT |         4 |           0.99 |           3.96 |            11.668 |           1.17 |        2:58:00 |     4     0     0   100 |
|   CELO/USDT |         7 |           0.65 |           4.52 |            11.665 |           1.17 |        0:26:00 |     7     0     0   100 |
|     OM/USDT |        13 |          -0.08 |          -1.01 |            10.448 |           1.04 |        0:49:00 |     8     0     5  61.5 |
|   LUNA/USDT |        52 |           0.45 |          23.17 |            10.426 |           1.04 |        0:38:00 |    47     0     5  90.4 |
|   CELR/USDT |        11 |           0.42 |           4.57 |             9.937 |           0.99 |        1:55:00 |    10     0     1  90.9 |
|    OXT/USDT |        11 |           0.77 |           8.51 |             9.174 |           0.92 |        1:03:00 |    10     0     1  90.9 |
|   EGLD/USDT |         2 |           0.86 |           1.73 |             9.046 |           0.90 |        2:08:00 |     1     0     1  50.0 |
|    QNT/USDT |        14 |           0.64 |           8.98 |             8.667 |           0.87 |        0:44:00 |    11     0     3  78.6 |
|    ONT/USDT |         1 |           1.52 |           1.52 |             7.476 |           0.75 |        0:30:00 |     1     0     0   100 |
|    ONE/USDT |         7 |           0.23 |           1.63 |             6.926 |           0.69 |        4:20:00 |     6     0     1  85.7 |
|    HOT/USDT |         2 |           1.04 |           2.09 |             6.670 |           0.67 |        0:10:00 |     2     0     0   100 |
|   MANA/USDT |         2 |           1.15 |           2.30 |             5.987 |           0.60 |        0:22:00 |     2     0     0   100 |
|    ZRX/USDT |         6 |          -0.09 |          -0.53 |             5.227 |           0.52 |        4:23:00 |     5     0     1  83.3 |
|    MTL/USDT |        14 |           0.87 |          12.22 |             4.735 |           0.47 |        1:12:00 |    13     0     1  92.9 |
|    ETC/USDT |         4 |           0.87 |           3.48 |             4.387 |           0.44 |        1:41:00 |     3     0     1  75.0 |
|   IOTX/USDT |         2 |           1.34 |           2.67 |             4.360 |           0.44 |        0:28:00 |     1     0     1  50.0 |
|    DIA/USDT |        10 |           0.36 |           3.65 |             3.998 |           0.40 |        2:46:00 |     8     0     2  80.0 |
|   DENT/USDT |         8 |           0.31 |           2.51 |             3.840 |           0.38 |        1:31:00 |     7     0     1  87.5 |
|    UNI/USDT |         3 |           0.67 |           2.02 |             3.209 |           0.32 |        0:23:00 |     3     0     0   100 |
|   AVAX/USDT |         3 |           0.47 |           1.40 |             3.002 |           0.30 |        0:12:00 |     3     0     0   100 |
|    ENJ/USDT |         1 |           0.61 |           0.61 |             2.947 |           0.29 |        0:40:00 |     1     0     0   100 |
|    AVA/USDT |         2 |           0.92 |           1.84 |             2.932 |           0.29 |        6:25:00 |     2     0     0   100 |
|    ADA/USDT |         1 |           0.55 |           0.55 |             2.571 |           0.26 |        1:10:00 |     1     0     0   100 |
|  ALICE/USDT |         1 |           0.90 |           0.90 |             2.280 |           0.23 |        0:25:00 |     1     0     0   100 |
|  TFUEL/USDT |         9 |           0.59 |           5.32 |             2.226 |           0.22 |        0:26:00 |     8     0     1  88.9 |
|    NEO/USDT |         1 |           0.51 |           0.51 |             1.615 |           0.16 |        0:20:00 |     1     0     0   100 |
|   AAVE/USDT |         2 |           0.40 |           0.80 |             1.375 |           0.14 |        0:05:00 |     1     0     1  50.0 |
|    CHR/USDT |         2 |           0.20 |           0.40 |             1.289 |           0.13 |        0:55:00 |     2     0     0   100 |
|  THETA/USDT |         1 |           0.76 |           0.76 |             1.236 |           0.12 |        0:10:00 |     1     0     0   100 |
|    AXS/USDT |         8 |           0.23 |           1.84 |             1.069 |           0.11 |        0:49:00 |     6     0     2  75.0 |
|    TRX/USDT |         1 |           0.55 |           0.55 |             1.045 |           0.10 |        0:20:00 |     1     0     0   100 |
|    EOS/USDT |         1 |           0.74 |           0.74 |             0.985 |           0.10 |        0:25:00 |     1     0     0   100 |
|    LTC/USDT |         1 |           0.57 |           0.57 |             0.928 |           0.09 |        0:25:00 |     1     0     0   100 |
|   RUNE/USDT |         1 |           0.46 |           0.46 |             0.776 |           0.08 |        0:10:00 |     1     0     0   100 |
|   QTUM/USDT |         1 |           0.16 |           0.16 |             0.736 |           0.07 |        0:10:00 |     1     0     0   100 |
|    CVC/USDT |         1 |           0.03 |           0.03 |             0.156 |           0.02 |        1:25:00 |     1     0     0   100 |
|    XMR/USDT |         1 |           0.03 |           0.03 |             0.081 |           0.01 |        0:50:00 |     1     0     0   100 |
|    BAT/USDT |         0 |           0.00 |           0.00 |             0.000 |           0.00 |           0:00 |     0     0     0     0 |
|    BTC/USDT |         0 |           0.00 |           0.00 |             0.000 |           0.00 |           0:00 |     0     0     0     0 |
|   IOTA/USDT |         0 |           0.00 |           0.00 |             0.000 |           0.00 |           0:00 |     0     0     0     0 |
|    ETH/USDT |         0 |           0.00 |           0.00 |             0.000 |           0.00 |           0:00 |     0     0     0     0 |
|    XTZ/USDT |         0 |           0.00 |           0.00 |             0.000 |           0.00 |           0:00 |     0     0     0     0 |
|    BCH/USDT |         0 |           0.00 |           0.00 |             0.000 |           0.00 |           0:00 |     0     0     0     0 |
|   CAKE/USDT |         1 |          -0.07 |          -0.07 |            -0.116 |          -0.01 |        1:45:00 |     0     0     1     0 |
|    DOT/USDT |         1 |          -0.05 |          -0.05 |            -0.122 |          -0.01 |        1:00:00 |     0     0     1     0 |
|   DASH/USDT |         1 |          -0.06 |          -0.06 |            -0.270 |          -0.03 |        0:35:00 |     0     0     1     0 |
|    ZIL/USDT |         8 |          -0.10 |          -0.83 |            -1.632 |          -0.16 |        4:55:00 |     6     0     2  75.0 |
|    TLM/USDT |        11 |           0.20 |           2.17 |            -1.681 |          -0.17 |        0:47:00 |     9     0     2  81.8 |
|    XEM/USDT |         6 |           0.71 |           4.25 |            -1.779 |          -0.18 |        1:02:00 |     5     0     1  83.3 |
|   DODO/USDT |        34 |           0.34 |          11.51 |            -1.856 |          -0.19 |        0:59:00 |    28     0     6  82.4 |
|   BAKE/USDT |         9 |          -0.01 |          -0.12 |            -2.871 |          -0.29 |        2:43:00 |     8     0     1  88.9 |
|   HARD/USDT |        12 |           1.19 |          14.25 |            -3.142 |          -0.31 |        0:50:00 |    10     0     2  83.3 |
|   REEF/USDT |        11 |           0.46 |           5.10 |            -4.742 |          -0.47 |        0:55:00 |     9     0     2  81.8 |
|   DOGE/USDT |        30 |           0.49 |          14.69 |            -5.195 |          -0.52 |        1:45:00 |    28     0     2  93.3 |
|    LPT/USDT |         8 |          -0.08 |          -0.64 |            -5.486 |          -0.55 |        4:50:00 |     7     0     1  87.5 |
|  MATIC/USDT |         7 |          -0.09 |          -0.66 |            -7.770 |          -0.78 |        0:51:00 |     6     0     1  85.7 |
|   LINK/USDT |         5 |          -0.43 |          -2.14 |            -9.393 |          -0.94 |        0:30:00 |     4     0     1  80.0 |
|   SAND/USDT |         4 |          -0.98 |          -3.90 |           -10.620 |          -1.06 |        0:50:00 |     3     0     1  75.0 |
|   HBAR/USDT |         2 |          -2.95 |          -5.89 |           -11.799 |          -1.18 |        7:18:00 |     1     0     1  50.0 |
|    ATM/USDT |        31 |           0.38 |          11.77 |           -17.364 |          -1.74 |        1:30:00 |    26     0     5  83.9 |
|    XRP/USDT |         7 |          -1.16 |          -8.10 |           -18.807 |          -1.88 |        1:06:00 |     4     0     3  57.1 |
|  ALPHA/USDT |        14 |           0.36 |           5.03 |           -24.770 |          -2.48 |        1:47:00 |    11     0     3  78.6 |
|    ICX/USDT |        11 |          -0.16 |          -1.74 |           -28.230 |          -2.82 |        3:44:00 |     8     0     3  72.7 |
|   ALGO/USDT |         4 |          -2.75 |         -10.98 |           -31.595 |          -3.16 |        1:48:00 |     1     0     3  25.0 |
|   IOST/USDT |         2 |          -2.46 |          -4.91 |           -38.432 |          -3.84 |        6:40:00 |     1     0     1  50.0 |
|   STMX/USDT |         4 |          -2.29 |          -9.15 |           -67.908 |          -6.79 |        1:52:00 |     2     0     2  50.0 |
|   HIVE/USDT |        15 |          -0.60 |          -9.05 |           -72.327 |          -7.23 |        1:56:00 |     8     0     7  53.3 |
|       TOTAL |      1607 |           0.90 |        1447.72 |          3005.968 |         300.60 |        1:19:00 |  1414     0   193  88.0 |
======================================================= LEFT OPEN TRADES REPORT ========================================================
|   Pair |   Entries |   Avg Profit % |   Cum Profit % |   Tot Profit USDT |   Tot Profit % |   Avg Duration |   Win  Draw  Loss  Win% |
|--------+-----------+----------------+----------------+-------------------+----------------+----------------+-------------------------|
|  TOTAL |         0 |           0.00 |           0.00 |             0.000 |           0.00 |           0:00 |     0     0     0     0 |
============================================================ ENTER TAG STATS =============================================================
|      TAG |   Entries |   Avg Profit % |   Cum Profit % |   Tot Profit USDT |   Tot Profit % |   Avg Duration |   Win  Draw  Loss  Win% |
|----------+-----------+----------------+----------------+-------------------+----------------+----------------+-------------------------|
|    buy_1 |      1479 |           0.82 |        1208.56 |          2466.762 |         246.68 |        1:18:00 |  1300     0   179  87.9 |
|      ewo |       122 |           1.85 |         225.48 |           523.632 |          52.36 |        1:34:00 |   109     0    13  89.3 |
| ewobuy_1 |         6 |           2.28 |          13.68 |            15.574 |           1.56 |        0:38:00 |     5     0     1  83.3 |
|    TOTAL |      1607 |           0.90 |        1447.72 |          3005.968 |         300.60 |        1:19:00 |  1414     0   193  88.0 |
========================================================= EXIT REASON STATS ==========================================================
|            Exit Reason |   Exits |   Win  Draws  Loss  Win% |   Avg Profit % |   Cum Profit % |   Tot Profit USDT |   Tot Profit % |
|------------------------+---------+--------------------------+----------------+----------------+-------------------+----------------|
|              stop_loss |    1479 |   1413     0    66  95.5 |           1.47 |        2180.5  |          5961.99  |         436.1  |
| sell_stoploss_deadfish |     127 |      0     0   127     0 |          -5.78 |        -734.33 |         -2958.52  |        -146.87 |
|     trailing_stop_loss |       1 |      1     0     0   100 |           1.56 |           1.56 |             2.493 |           0.31 |
================== SUMMARY METRICS ==================
| Metric                      | Value               |
|-----------------------------+---------------------|
| Backtesting from            | 2022-09-01 00:00:00 |
| Backtesting to              | 2023-05-12 13:35:00 |
| Max open trades             | 5                   |
|                             |                     |
| Total/Daily Avg Trades      | 1607 / 6.35         |
| Starting balance            | 1000 USDT           |
| Final balance               | 4005.968 USDT       |
| Absolute profit             | 3005.968 USDT       |
| Total profit %              | 300.60%             |
| CAGR %                      | 640.49%             |
| Sortino                     | 15.85               |
| Sharpe                      | 23.80               |
| Calmar                      | 595.42              |
| Profit factor               | 2.01                |
| Expectancy                  | 0.12                |
| Trades per day              | 6.35                |
| Avg. daily profit %         | 1.19%               |
| Avg. stake amount           | 296.864 USDT        |
| Total trade volume          | 477060.683 USDT     |
|                             |                     |
| Best Pair                   | LTO/USDT 94.73%     |
| Worst Pair                  | ALGO/USDT -10.98%   |
| Best trade                  | CKB/USDT 23.99%     |
| Worst trade                 | LUNA/USDT -26.68%   |
| Best day                    | 207.222 USDT        |
| Worst day                   | -109.336 USDT       |
| Days win/draw/lose          | 172 / 33 / 49       |
| Avg. Duration Winners       | 0:55:00             |
| Avg. Duration Loser         | 4:14:00             |
| Rejected Entry signals      | 51675               |
| Entry/Exit Timeouts         | 0 / 0               |
|                             |                     |
| Min balance                 | 964.589 USDT        |
| Max balance                 | 4101.182 USDT       |
| Max % of account underwater | 9.75%               |
| Absolute Drawdown (Account) | 3.81%               |
| Absolute Drawdown           | 156.351 USDT        |
| Drawdown high               | 3101.182 USDT       |
| Drawdown low                | 2944.832 USDT       |
| Drawdown Start              | 2023-04-27 06:30:00 |
| Drawdown End                | 2023-05-07 16:50:00 |
| Market change               | -21.15%             |
=====================================================

Backtested 2022-09-01 00:00:00 -> 2023-05-12 13:35:00 | Max open trades : 5
=========================================================================== STRATEGY SUMMARY ===========================================================================
|         Strategy |   Entries |   Avg Profit % |   Cum Profit % |   Tot Profit USDT |   Tot Profit % |   Avg Duration |   Win  Draw  Loss  Win% |            Drawdown |
|------------------+-----------+----------------+----------------+-------------------+----------------+----------------+-------------------------+---------------------|
| DRYING_E0V1E_DCA |      1672 |           0.64 |        1073.60 |           665.245 |          66.52 |        1:03:00 |  1411     0   261  84.4 |  48.107 USDT  4.19% |
|        E0V1E_DCA |      1607 |           0.90 |        1447.72 |          3005.968 |         300.60 |        1:19:00 |  1414     0   193  88.0 | 156.351 USDT  3.81% |
========================================================================================================================================================================

For more details, please look at the detail tables above
